Last login: Sun Apr 15 16:13:09 on ttys001
LeonVincii$ ./qt_minesweeper

>> Initialising game engine
>> Engine initialisation successfully
>> Launching game engine
ENGINE >> Engine is on
ENGINE $$ (start | setdiff [easy|normal|hard] | quit) start
MINEZONE >> Initializing mine zone with difficulty: easy
         >> Mine zone initialized successfully
MINEZONE >> Current mine zone is set to the difficulty of: easy
         >> Dimension: 9 × 9
         >> Number of mines: 10
ENGINE >> Starting game
ENGINE >> Please enter your name to start
ENGINE $$ leon
ENGINE >> (r x y) for revealing block [x, y]
ENGINE >> (m x y) for marking block [x, y] as mine
ENGINE >> (back) to get back to menu

 1  2  3  4  5  6  7  8  9 
[ ][ ][ ][ ][ ][ ][ ][ ][ ] 1
[ ][ ][ ][ ][ ][ ][ ][ ][ ] 2
[ ][ ][ ][ ][ ][ ][ ][ ][ ] 3
[ ][ ][ ][ ][ ][ ][ ][ ][ ] 4
[ ][ ][ ][ ][ ][ ][ ][ ][ ] 5
[ ][ ][ ][ ][ ][ ][ ][ ][ ] 6
[ ][ ][ ][ ][ ][ ][ ][ ][ ] 7
[ ][ ][ ][ ][ ][ ][ ][ ][ ] 8
[ ][ ][ ][ ][ ][ ][ ][ ][ ] 9

leon $$ r 9 2

 1  2  3  4  5  6  7  8  9 
[ ][ ][ ][ ][ ][ ][1][0][0] 1
[ ][ ][ ][ ][ ][ ][1][0][0] 2
[ ][ ][ ][ ][ ][ ][2][1][0] 3
[ ][ ][ ][ ][ ][ ][ ][2][1] 4
[ ][ ][ ][ ][ ][ ][ ][ ][ ] 5
[ ][ ][ ][ ][ ][ ][ ][ ][ ] 6
[ ][ ][ ][ ][ ][ ][ ][ ][ ] 7
[ ][ ][ ][ ][ ][ ][ ][ ][ ] 8
[ ][ ][ ][ ][ ][ ][ ][ ][ ] 9

leon $$  r 1 1

 1  2  3  4  5  6  7  8  9 
[1][ ][ ][ ][ ][ ][1][0][0] 1
[ ][ ][ ][ ][ ][ ][1][0][0] 2
[ ][ ][ ][ ][ ][ ][2][1][0] 3
[ ][ ][ ][ ][ ][ ][ ][2][1] 4
[ ][ ][ ][ ][ ][ ][ ][ ][ ] 5
[ ][ ][ ][ ][ ][ ][ ][ ][ ] 6
[ ][ ][ ][ ][ ][ ][ ][ ][ ] 7
[ ][ ][ ][ ][ ][ ][ ][ ][ ] 8
[ ][ ][ ][ ][ ][ ][ ][ ][ ] 9

leon $$ r 1 3

 1  2  3  4  5  6  7  8  9 
[1][ ][1][0][1][ ][1][0][0] 1
[1][1][1][0][1][ ][1][0][0] 2
[0][0][0][0][1][ ][2][1][0] 3
[0][0][0][0][1][ ][ ][2][1] 4
[0][0][0][0][2][ ][ ][ ][ ] 5
[1][1][0][0][1][ ][ ][ ][ ] 6
[ ][1][0][0][1][2][ ][ ][ ] 7
[1][1][0][0][0][1][ ][ ][ ] 8
[0][0][0][0][0][1][ ][ ][ ] 9

leon $$ m 1 7

 1  2  3  4  5  6  7  8  9 
[1][ ][1][0][1][ ][1][0][0] 1
[1][1][1][0][1][ ][1][0][0] 2
[0][0][0][0][1][ ][2][1][0] 3
[0][0][0][0][1][ ][ ][2][1] 4
[0][0][0][0][2][ ][ ][ ][ ] 5
[1][1][0][0][1][ ][ ][ ][ ] 6
[^][1][0][0][1][2][ ][ ][ ] 7
[1][1][0][0][0][1][ ][ ][ ] 8
[0][0][0][0][0][1][ ][ ][ ] 9

leon $$ m 2 1

 1  2  3  4  5  6  7  8  9 
[1][^][1][0][1][ ][1][0][0] 1
[1][1][1][0][1][ ][1][0][0] 2
[0][0][0][0][1][ ][2][1][0] 3
[0][0][0][0][1][ ][ ][2][1] 4
[0][0][0][0][2][ ][ ][ ][ ] 5
[1][1][0][0][1][ ][ ][ ][ ] 6
[^][1][0][0][1][2][ ][ ][ ] 7
[1][1][0][0][0][1][ ][ ][ ] 8
[0][0][0][0][0][1][ ][ ][ ] 9

leon $$ m 7 4

 1  2  3  4  5  6  7  8  9 
[1][^][1][0][1][ ][1][0][0] 1
[1][1][1][0][1][ ][1][0][0] 2
[0][0][0][0][1][ ][2][1][0] 3
[0][0][0][0][1][ ][^][2][1] 4
[0][0][0][0][2][ ][ ][ ][ ] 5
[1][1][0][0][1][ ][ ][ ][ ] 6
[^][1][0][0][1][2][ ][ ][ ] 7
[1][1][0][0][0][1][ ][ ][ ] 8
[0][0][0][0][0][1][ ][ ][ ] 9

leon $$ m 6 6

 1  2  3  4  5  6  7  8  9 
[1][^][1][0][1][ ][1][0][0] 1
[1][1][1][0][1][ ][1][0][0] 2
[0][0][0][0][1][ ][2][1][0] 3
[0][0][0][0][1][ ][^][2][1] 4
[0][0][0][0][2][ ][ ][ ][ ] 5
[1][1][0][0][1][^][ ][ ][ ] 6
[^][1][0][0][1][2][ ][ ][ ] 7
[1][1][0][0][0][1][ ][ ][ ] 8
[0][0][0][0][0][1][ ][ ][ ] 9

leon $$ r 6 5

 1  2  3  4  5  6  7  8  9 
[1][^][1][0][1][ ][1][0][0] 1
[1][1][1][0][1][ ][1][0][0] 2
[0][0][0][0][1][ ][2][1][0] 3
[0][0][0][0][1][ ][^][2][1] 4
[0][0][0][0][2][3][ ][ ][ ] 5
[1][1][0][0][1][^][ ][ ][ ] 6
[^][1][0][0][1][2][ ][ ][ ] 7
[1][1][0][0][0][1][ ][ ][ ] 8
[0][0][0][0][0][1][ ][ ][ ] 9

leon $$ r 7 9

 1  2  3  4  5  6  7  8  9 
[1][^][1][0][1][ ][1][0][0] 1
[1][1][1][0][1][ ][1][0][0] 2
[0][0][0][0][1][ ][2][1][0] 3
[0][0][0][0][1][ ][^][2][1] 4
[0][0][0][0][2][3][ ][ ][ ] 5
[1][1][0][0][1][^][ ][ ][ ] 6
[^][1][0][0][1][2][ ][ ][ ] 7
[1][1][0][0][0][1][ ][ ][ ] 8
[0][0][0][0][0][1][1][ ][ ] 9

leon $$ m 7 8

 1  2  3  4  5  6  7  8  9 
[1][^][1][0][1][ ][1][0][0] 1
[1][1][1][0][1][ ][1][0][0] 2
[0][0][0][0][1][ ][2][1][0] 3
[0][0][0][0][1][ ][^][2][1] 4
[0][0][0][0][2][3][ ][ ][ ] 5
[1][1][0][0][1][^][ ][ ][ ] 6
[^][1][0][0][1][2][ ][ ][ ] 7
[1][1][0][0][0][1][^][ ][ ] 8
[0][0][0][0][0][1][1][ ][ ] 9

leon $$ r 7 7

 1  2  3  4  5  6  7  8  9 
[1][^][1][0][1][ ][1][0][0] 1
[1][1][1][0][1][ ][1][0][0] 2
[0][0][0][0][1][ ][2][1][0] 3
[0][0][0][0][1][ ][^][2][1] 4
[0][0][0][0][2][3][ ][ ][ ] 5
[1][1][0][0][1][^][ ][ ][ ] 6
[^][1][0][0][1][2][2][ ][ ] 7
[1][1][0][0][0][1][^][ ][ ] 8
[0][0][0][0][0][1][1][ ][ ] 9

leon $$ r 7 6

 1  2  3  4  5  6  7  8  9 
[1][^][1][0][1][ ][1][0][0] 1
[1][1][1][0][1][ ][1][0][0] 2
[0][0][0][0][1][ ][2][1][0] 3
[0][0][0][0][1][ ][^][2][1] 4
[0][0][0][0][2][3][ ][ ][ ] 5
[1][1][0][0][1][^][1][ ][ ] 6
[^][1][0][0][1][2][2][ ][ ] 7
[1][1][0][0][0][1][^][ ][ ] 8
[0][0][0][0][0][1][1][ ][ ] 9

leon $$ m 9 5

 1  2  3  4  5  6  7  8  9 
[1][^][1][0][1][ ][1][0][0] 1
[1][1][1][0][1][ ][1][0][0] 2
[0][0][0][0][1][ ][2][1][0] 3
[0][0][0][0][1][ ][^][2][1] 4
[0][0][0][0][2][3][ ][ ][^] 5
[1][1][0][0][1][^][1][ ][ ] 6
[^][1][0][0][1][2][2][ ][ ] 7
[1][1][0][0][0][1][^][ ][ ] 8
[0][0][0][0][0][1][1][ ][ ] 9

leon $$ r 7 5

 1  2  3  4  5  6  7  8  9 
[1][^][1][0][1][ ][1][0][0] 1
[1][1][1][0][1][ ][1][0][0] 2
[0][0][0][0][1][ ][2][1][0] 3
[0][0][0][0][1][ ][^][2][1] 4
[0][0][0][0][2][3][3][ ][^] 5
[1][1][0][0][1][^][1][ ][ ] 6
[^][1][0][0][1][2][2][ ][ ] 7
[1][1][0][0][0][1][^][ ][ ] 8
[0][0][0][0][0][1][1][ ][ ] 9

leon $$ r 8 5

 1  2  3  4  5  6  7  8  9 
[1][^][1][0][1][ ][1][0][0] 1
[1][1][1][0][1][ ][1][0][0] 2
[0][0][0][0][1][ ][2][1][0] 3
[0][0][0][0][1][ ][^][2][1] 4
[0][0][0][0][2][3][3][2][^] 5
[1][1][0][0][1][^][1][ ][ ] 6
[^][1][0][0][1][2][2][ ][ ] 7
[1][1][0][0][0][1][^][ ][ ] 8
[0][0][0][0][0][1][1][ ][ ] 9

leon $$ r 8 6

 1  2  3  4  5  6  7  8  9 
[1][^][1][0][1][ ][1][0][0] 1
[1][1][1][0][1][ ][1][0][0] 2
[0][0][0][0][1][ ][2][1][0] 3
[0][0][0][0][1][ ][^][2][1] 4
[0][0][0][0][2][3][3][2][^] 5
[1][1][0][0][1][^][1][2][ ] 6
[^][1][0][0][1][2][2][ ][ ] 7
[1][1][0][0][0][1][^][ ][ ] 8
[0][0][0][0][0][1][1][ ][ ] 9

leon $$ r 8 7

 1  2  3  4  5  6  7  8  9 
[1][^][1][0][1][ ][1][0][0] 1
[1][1][1][0][1][ ][1][0][0] 2
[0][0][0][0][1][ ][2][1][0] 3
[0][0][0][0][1][ ][^][2][1] 4
[0][0][0][0][2][3][3][2][^] 5
[1][1][0][0][1][^][1][2][ ] 6
[^][1][0][0][1][2][2][2][ ] 7
[1][1][0][0][0][1][^][ ][ ] 8
[0][0][0][0][0][1][1][ ][ ] 9

leon $$ m 6 4

 1  2  3  4  5  6  7  8  9 
[1][^][1][0][1][ ][1][0][0] 1
[1][1][1][0][1][ ][1][0][0] 2
[0][0][0][0][1][ ][2][1][0] 3
[0][0][0][0][1][^][^][2][1] 4
[0][0][0][0][2][3][3][2][^] 5
[1][1][0][0][1][^][1][2][ ] 6
[^][1][0][0][1][2][2][2][ ] 7
[1][1][0][0][0][1][^][ ][ ] 8
[0][0][0][0][0][1][1][ ][ ] 9

leon $$ r 6 3

 1  2  3  4  5  6  7  8  9 
[1][^][1][0][1][ ][1][0][0] 1
[1][1][1][0][1][ ][1][0][0] 2
[0][0][0][0][1][2][2][1][0] 3
[0][0][0][0][1][^][^][2][1] 4
[0][0][0][0][2][3][3][2][^] 5
[1][1][0][0][1][^][1][2][ ] 6
[^][1][0][0][1][2][2][2][ ] 7
[1][1][0][0][0][1][^][ ][ ] 8
[0][0][0][0][0][1][1][ ][ ] 9

leon $$ r 6 2

 1  2  3  4  5  6  7  8  9 
[1][^][1][0][1][ ][1][0][0] 1
[1][1][1][0][1][1][1][0][0] 2
[0][0][0][0][1][2][2][1][0] 3
[0][0][0][0][1][^][^][2][1] 4
[0][0][0][0][2][3][3][2][^] 5
[1][1][0][0][1][^][1][2][ ] 6
[^][1][0][0][1][2][2][2][ ] 7
[1][1][0][0][0][1][^][ ][ ] 8
[0][0][0][0][0][1][1][ ][ ] 9

leon $$ m 6 1

 1  2  3  4  5  6  7  8  9 
[1][^][1][0][1][^][1][0][0] 1
[1][1][1][0][1][1][1][0][0] 2
[0][0][0][0][1][2][2][1][0] 3
[0][0][0][0][1][^][^][2][1] 4
[0][0][0][0][2][3][3][2][^] 5
[1][1][0][0][1][^][1][2][ ] 6
[^][1][0][0][1][2][2][2][ ] 7
[1][1][0][0][0][1][^][ ][ ] 8
[0][0][0][0][0][1][1][ ][ ] 9

leon $$ r 8 8

 1  2  3  4  5  6  7  8  9 
[1][^][1][0][1][^][1][0][0] 1
[1][1][1][0][1][1][1][0][0] 2
[0][0][0][0][1][2][2][1][0] 3
[0][0][0][0][1][^][^][2][1] 4
[0][0][0][0][2][3][3][2][^] 5
[1][1][0][0][1][^][1][2][ ] 6
[^][1][0][0][1][2][2][2][ ] 7
[1][1][0][0][0][1][^][3][ ] 8
[0][0][0][0][0][1][1][ ][ ] 9

leon $$ r 8 9

 1  2  3  4  5  6  7  8  9 
[1][^][1][0][1][^][1][0][0] 1
[1][1][1][0][1][1][1][0][0] 2
[0][0][0][0][1][2][2][1][0] 3
[0][0][0][0][1][^][^][2][1] 4
[0][0][0][0][2][3][3][2][^] 5
[1][1][0][0][1][^][1][2][ ] 6
[^][1][0][0][1][2][2][2][ ] 7
[1][1][0][0][0][1][^][3][ ] 8
[0][0][0][0][0][1][1][2][ ] 9

leon $$ r 9 6

 1  2  3  4  5  6  7  8  9 
[1][^][1][0][1][^][1][0][0] 1
[1][1][1][0][1][1][1][0][0] 2
[0][0][0][0][1][2][2][1][0] 3
[0][0][0][0][1][^][^][2][1] 4
[0][0][0][0][2][3][3][2][^] 5
[1][1][0][0][1][^][1][2][2] 6
[^][1][0][0][1][2][2][2][ ] 7
[1][1][0][0][0][1][^][3][ ] 8
[0][0][0][0][0][1][1][2][ ] 9

leon $$ m 9 7

 1  2  3  4  5  6  7  8  9 
[1][^][1][0][1][^][1][0][0] 1
[1][1][1][0][1][1][1][0][0] 2
[0][0][0][0][1][2][2][1][0] 3
[0][0][0][0][1][^][^][2][1] 4
[0][0][0][0][2][3][3][2][^] 5
[1][1][0][0][1][^][1][2][2] 6
[^][1][0][0][1][2][2][2][^] 7
[1][1][0][0][0][1][^][3][ ] 8
[0][0][0][0][0][1][1][2][ ] 9

leon $$ r 9 8

 1  2  3  4  5  6  7  8  9 
[1][^][1][0][1][^][1][0][0] 1
[1][1][1][0][1][1][1][0][0] 2
[0][0][0][0][1][2][2][1][0] 3
[0][0][0][0][1][^][^][2][1] 4
[0][0][0][0][2][3][3][2][^] 5
[1][1][0][0][1][^][1][2][2] 6
[^][1][0][0][1][2][2][2][^] 7
[1][1][0][0][0][1][^][3][2] 8
[0][0][0][0][0][1][1][2][ ] 9

leon $$ r 9 9

 1  2  3  4  5  6  7  8  9 
[1][^][1][0][1][^][1][0][0] 1
[1][1][1][0][1][1][1][0][0] 2
[0][0][0][0][1][2][2][1][0] 3
[0][0][0][0][1][^][^][2][1] 4
[0][0][0][0][2][3][3][2][^] 5
[1][1][0][0][1][^][1][2][2] 6
[^][1][0][0][1][2][2][2][^] 7
[1][1][0][0][0][1][^][3][2] 8
[0][0][0][0][0][1][1][2][0] 9

ENGINE >> You win!

ENGINE $$ (start | setdiff [easy|normal|hard] | quit)
