Last login: Mon Apr 16 21:32:41 on ttys001
LeonVincii$ ./qt_minesweeper

>> Initialising game engine
>> Engine initialisation successfully
>> Launching game engine
ENGINE >> Engine is on
ENGINE $$ (start | setdiff [easy|normal|hard] | quit) start
MINEZONE >> Initializing mine zone with difficulty: easy
         >> Mine zone initialized successfully
MINEZONE >> Current mine zone is set to the difficulty of: easy
         >> Dimension: 9 × 9
         >> Number of mines: 10
ENGINE >> Starting game
ENGINE >> Please enter your name to start
ENGINE $$ leon
ENGINE >> (r x y) for revealing block [x, y]
ENGINE >> (m x y) for marking block [x, y] as mine
ENGINE >> (back) to get back to menu

ENGINE >> Flags: 10 Blocks: 81

 1  2  3  4  5  6  7  8  9 
[ ][ ][ ][ ][ ][ ][ ][ ][ ] 1
[ ][ ][ ][ ][ ][ ][ ][ ][ ] 2
[ ][ ][ ][ ][ ][ ][ ][ ][ ] 3
[ ][ ][ ][ ][ ][ ][ ][ ][ ] 4
[ ][ ][ ][ ][ ][ ][ ][ ][ ] 5
[ ][ ][ ][ ][ ][ ][ ][ ][ ] 6
[ ][ ][ ][ ][ ][ ][ ][ ][ ] 7
[ ][ ][ ][ ][ ][ ][ ][ ][ ] 8
[ ][ ][ ][ ][ ][ ][ ][ ][ ] 9

leon $$ r 1 2

ENGINE >> Flags: 10 Blocks: 80

 1  2  3  4  5  6  7  8  9 
[ ][ ][ ][ ][ ][ ][ ][ ][ ] 1
[1][ ][ ][ ][ ][ ][ ][ ][ ] 2
[ ][ ][ ][ ][ ][ ][ ][ ][ ] 3
[ ][ ][ ][ ][ ][ ][ ][ ][ ] 4
[ ][ ][ ][ ][ ][ ][ ][ ][ ] 5
[ ][ ][ ][ ][ ][ ][ ][ ][ ] 6
[ ][ ][ ][ ][ ][ ][ ][ ][ ] 7
[ ][ ][ ][ ][ ][ ][ ][ ][ ] 8
[ ][ ][ ][ ][ ][ ][ ][ ][ ] 9

leon $$ r 1 4

ENGINE >> Flags: 10 Blocks: 53

 1  2  3  4  5  6  7  8  9 
[ ][1][0][0][0][0][0][1][ ] 1
[1][1][0][0][1][1][2][2][ ] 2
[0][0][0][0][1][ ][ ][ ][ ] 3
[0][0][1][1][2][ ][ ][ ][ ] 4
[1][1][1][ ][ ][ ][ ][ ][ ] 5
[ ][ ][ ][ ][ ][ ][ ][ ][ ] 6
[ ][ ][ ][ ][ ][ ][ ][ ][ ] 7
[ ][ ][ ][ ][ ][ ][ ][ ][ ] 8
[ ][ ][ ][ ][ ][ ][ ][ ][ ] 9

leon $$ m 1 1

ENGINE >> Flags: 9 Blocks: 52

 1  2  3  4  5  6  7  8  9 
[^][1][0][0][0][0][0][1][ ] 1
[1][1][0][0][1][1][2][2][ ] 2
[0][0][0][0][1][ ][ ][ ][ ] 3
[0][0][1][1][2][ ][ ][ ][ ] 4
[1][1][1][ ][ ][ ][ ][ ][ ] 5
[ ][ ][ ][ ][ ][ ][ ][ ][ ] 6
[ ][ ][ ][ ][ ][ ][ ][ ][ ] 7
[ ][ ][ ][ ][ ][ ][ ][ ][ ] 8
[ ][ ][ ][ ][ ][ ][ ][ ][ ] 9

leon $$ m 4 5

ENGINE >> Flags: 8 Blocks: 51

 1  2  3  4  5  6  7  8  9 
[^][1][0][0][0][0][0][1][ ] 1
[1][1][0][0][1][1][2][2][ ] 2
[0][0][0][0][1][ ][ ][ ][ ] 3
[0][0][1][1][2][ ][ ][ ][ ] 4
[1][1][1][^][ ][ ][ ][ ][ ] 5
[ ][ ][ ][ ][ ][ ][ ][ ][ ] 6
[ ][ ][ ][ ][ ][ ][ ][ ][ ] 7
[ ][ ][ ][ ][ ][ ][ ][ ][ ] 8
[ ][ ][ ][ ][ ][ ][ ][ ][ ] 9

leon $$ r 5 5

ENGINE >> Flags: 8 Blocks: 50

 1  2  3  4  5  6  7  8  9 
[^][1][0][0][0][0][0][1][ ] 1
[1][1][0][0][1][1][2][2][ ] 2
[0][0][0][0][1][ ][ ][ ][ ] 3
[0][0][1][1][2][ ][ ][ ][ ] 4
[1][1][1][^][1][ ][ ][ ][ ] 5
[ ][ ][ ][ ][ ][ ][ ][ ][ ] 6
[ ][ ][ ][ ][ ][ ][ ][ ][ ] 7
[ ][ ][ ][ ][ ][ ][ ][ ][ ] 8
[ ][ ][ ][ ][ ][ ][ ][ ][ ] 9

leon $$ r 5 6

ENGINE >> Flags: 8 Blocks: 49

 1  2  3  4  5  6  7  8  9 
[^][1][0][0][0][0][0][1][ ] 1
[1][1][0][0][1][1][2][2][ ] 2
[0][0][0][0][1][ ][ ][ ][ ] 3
[0][0][1][1][2][ ][ ][ ][ ] 4
[1][1][1][^][1][ ][ ][ ][ ] 5
[ ][ ][ ][ ][1][ ][ ][ ][ ] 6
[ ][ ][ ][ ][ ][ ][ ][ ][ ] 7
[ ][ ][ ][ ][ ][ ][ ][ ][ ] 8
[ ][ ][ ][ ][ ][ ][ ][ ][ ] 9

leon $$ r 4 6

ENGINE >> Flags: 8 Blocks: 48

 1  2  3  4  5  6  7  8  9 
[^][1][0][0][0][0][0][1][ ] 1
[1][1][0][0][1][1][2][2][ ] 2
[0][0][0][0][1][ ][ ][ ][ ] 3
[0][0][1][1][2][ ][ ][ ][ ] 4
[1][1][1][^][1][ ][ ][ ][ ] 5
[ ][ ][ ][1][1][ ][ ][ ][ ] 6
[ ][ ][ ][ ][ ][ ][ ][ ][ ] 7
[ ][ ][ ][ ][ ][ ][ ][ ][ ] 8
[ ][ ][ ][ ][ ][ ][ ][ ][ ] 9

leon $$ r 3 6

ENGINE >> Flags: 8 Blocks: 47

 1  2  3  4  5  6  7  8  9 
[^][1][0][0][0][0][0][1][ ] 1
[1][1][0][0][1][1][2][2][ ] 2
[0][0][0][0][1][ ][ ][ ][ ] 3
[0][0][1][1][2][ ][ ][ ][ ] 4
[1][1][1][^][1][ ][ ][ ][ ] 5
[ ][ ][1][1][1][ ][ ][ ][ ] 6
[ ][ ][ ][ ][ ][ ][ ][ ][ ] 7
[ ][ ][ ][ ][ ][ ][ ][ ][ ] 8
[ ][ ][ ][ ][ ][ ][ ][ ][ ] 9

leon $$ r 2 6

ENGINE >> Flags: 8 Blocks: 46

 1  2  3  4  5  6  7  8  9 
[^][1][0][0][0][0][0][1][ ] 1
[1][1][0][0][1][1][2][2][ ] 2
[0][0][0][0][1][ ][ ][ ][ ] 3
[0][0][1][1][2][ ][ ][ ][ ] 4
[1][1][1][^][1][ ][ ][ ][ ] 5
[ ][1][1][1][1][ ][ ][ ][ ] 6
[ ][ ][ ][ ][ ][ ][ ][ ][ ] 7
[ ][ ][ ][ ][ ][ ][ ][ ][ ] 8
[ ][ ][ ][ ][ ][ ][ ][ ][ ] 9

leon $$ m 1 6

ENGINE >> Flags: 7 Blocks: 45

 1  2  3  4  5  6  7  8  9 
[^][1][0][0][0][0][0][1][ ] 1
[1][1][0][0][1][1][2][2][ ] 2
[0][0][0][0][1][ ][ ][ ][ ] 3
[0][0][1][1][2][ ][ ][ ][ ] 4
[1][1][1][^][1][ ][ ][ ][ ] 5
[^][1][1][1][1][ ][ ][ ][ ] 6
[ ][ ][ ][ ][ ][ ][ ][ ][ ] 7
[ ][ ][ ][ ][ ][ ][ ][ ][ ] 8
[ ][ ][ ][ ][ ][ ][ ][ ][ ] 9

leon $$ r 1 7

ENGINE >> Flags: 7 Blocks: 44

 1  2  3  4  5  6  7  8  9 
[^][1][0][0][0][0][0][1][ ] 1
[1][1][0][0][1][1][2][2][ ] 2
[0][0][0][0][1][ ][ ][ ][ ] 3
[0][0][1][1][2][ ][ ][ ][ ] 4
[1][1][1][^][1][ ][ ][ ][ ] 5
[^][1][1][1][1][ ][ ][ ][ ] 6
[1][ ][ ][ ][ ][ ][ ][ ][ ] 7
[ ][ ][ ][ ][ ][ ][ ][ ][ ] 8
[ ][ ][ ][ ][ ][ ][ ][ ][ ] 9

leon $$ r 2 7

ENGINE >> Flags: 7 Blocks: 43

 1  2  3  4  5  6  7  8  9 
[^][1][0][0][0][0][0][1][ ] 1
[1][1][0][0][1][1][2][2][ ] 2
[0][0][0][0][1][ ][ ][ ][ ] 3
[0][0][1][1][2][ ][ ][ ][ ] 4
[1][1][1][^][1][ ][ ][ ][ ] 5
[^][1][1][1][1][ ][ ][ ][ ] 6
[1][1][ ][ ][ ][ ][ ][ ][ ] 7
[ ][ ][ ][ ][ ][ ][ ][ ][ ] 8
[ ][ ][ ][ ][ ][ ][ ][ ][ ] 9

leon $$ r 1 8

ENGINE >> Flags: 7 Blocks: 36

 1  2  3  4  5  6  7  8  9 
[^][1][0][0][0][0][0][1][ ] 1
[1][1][0][0][1][1][2][2][ ] 2
[0][0][0][0][1][ ][ ][ ][ ] 3
[0][0][1][1][2][ ][ ][ ][ ] 4
[1][1][1][^][1][ ][ ][ ][ ] 5
[^][1][1][1][1][ ][ ][ ][ ] 6
[1][1][1][ ][ ][ ][ ][ ][ ] 7
[0][0][1][ ][ ][ ][ ][ ][ ] 8
[0][0][1][ ][ ][ ][ ][ ][ ] 9

leon $$ r 4 7

ENGINE >> Flags: 7 Blocks: 35

 1  2  3  4  5  6  7  8  9 
[^][1][0][0][0][0][0][1][ ] 1
[1][1][0][0][1][1][2][2][ ] 2
[0][0][0][0][1][ ][ ][ ][ ] 3
[0][0][1][1][2][ ][ ][ ][ ] 4
[1][1][1][^][1][ ][ ][ ][ ] 5
[^][1][1][1][1][ ][ ][ ][ ] 6
[1][1][1][1][ ][ ][ ][ ][ ] 7
[0][0][1][ ][ ][ ][ ][ ][ ] 8
[0][0][1][ ][ ][ ][ ][ ][ ] 9

leon $$ m 4 8

ENGINE >> Flags: 6 Blocks: 34

 1  2  3  4  5  6  7  8  9 
[^][1][0][0][0][0][0][1][ ] 1
[1][1][0][0][1][1][2][2][ ] 2
[0][0][0][0][1][ ][ ][ ][ ] 3
[0][0][1][1][2][ ][ ][ ][ ] 4
[1][1][1][^][1][ ][ ][ ][ ] 5
[^][1][1][1][1][ ][ ][ ][ ] 6
[1][1][1][1][ ][ ][ ][ ][ ] 7
[0][0][1][^][ ][ ][ ][ ][ ] 8
[0][0][1][ ][ ][ ][ ][ ][ ] 9

leon $$ r 4 9

ENGINE >> Flags: 6 Blocks: 33

 1  2  3  4  5  6  7  8  9 
[^][1][0][0][0][0][0][1][ ] 1
[1][1][0][0][1][1][2][2][ ] 2
[0][0][0][0][1][ ][ ][ ][ ] 3
[0][0][1][1][2][ ][ ][ ][ ] 4
[1][1][1][^][1][ ][ ][ ][ ] 5
[^][1][1][1][1][ ][ ][ ][ ] 6
[1][1][1][1][ ][ ][ ][ ][ ] 7
[0][0][1][^][ ][ ][ ][ ][ ] 8
[0][0][1][1][ ][ ][ ][ ][ ] 9

leon $$ r 5 9

ENGINE >> Flags: 6 Blocks: 32

 1  2  3  4  5  6  7  8  9 
[^][1][0][0][0][0][0][1][ ] 1
[1][1][0][0][1][1][2][2][ ] 2
[0][0][0][0][1][ ][ ][ ][ ] 3
[0][0][1][1][2][ ][ ][ ][ ] 4
[1][1][1][^][1][ ][ ][ ][ ] 5
[^][1][1][1][1][ ][ ][ ][ ] 6
[1][1][1][1][ ][ ][ ][ ][ ] 7
[0][0][1][^][ ][ ][ ][ ][ ] 8
[0][0][1][1][1][ ][ ][ ][ ] 9

leon $$ r 5 8

ENGINE >> Flags: 6 Blocks: 31

 1  2  3  4  5  6  7  8  9 
[^][1][0][0][0][0][0][1][ ] 1
[1][1][0][0][1][1][2][2][ ] 2
[0][0][0][0][1][ ][ ][ ][ ] 3
[0][0][1][1][2][ ][ ][ ][ ] 4
[1][1][1][^][1][ ][ ][ ][ ] 5
[^][1][1][1][1][ ][ ][ ][ ] 6
[1][1][1][1][ ][ ][ ][ ][ ] 7
[0][0][1][^][1][ ][ ][ ][ ] 8
[0][0][1][1][1][ ][ ][ ][ ] 9

leon $$ r 5 7

ENGINE >> Flags: 6 Blocks: 30

 1  2  3  4  5  6  7  8  9 
[^][1][0][0][0][0][0][1][ ] 1
[1][1][0][0][1][1][2][2][ ] 2
[0][0][0][0][1][ ][ ][ ][ ] 3
[0][0][1][1][2][ ][ ][ ][ ] 4
[1][1][1][^][1][ ][ ][ ][ ] 5
[^][1][1][1][1][ ][ ][ ][ ] 6
[1][1][1][1][1][ ][ ][ ][ ] 7
[0][0][1][^][1][ ][ ][ ][ ] 8
[0][0][1][1][1][ ][ ][ ][ ] 9

leon $$ r 6 9

ENGINE >> Flags: 6 Blocks: 15

 1  2  3  4  5  6  7  8  9 
[^][1][0][0][0][0][0][1][ ] 1
[1][1][0][0][1][1][2][2][ ] 2
[0][0][0][0][1][ ][ ][ ][ ] 3
[0][0][1][1][2][ ][ ][ ][ ] 4
[1][1][1][^][1][1][1][1][ ] 5
[^][1][1][1][1][0][0][1][ ] 6
[1][1][1][1][1][0][0][2][ ] 7
[0][0][1][^][1][0][0][2][ ] 8
[0][0][1][1][1][0][0][1][ ] 9

leon $$ r 6 4

ENGINE >> Flags: 6 Blocks: 14

 1  2  3  4  5  6  7  8  9 
[^][1][0][0][0][0][0][1][ ] 1
[1][1][0][0][1][1][2][2][ ] 2
[0][0][0][0][1][ ][ ][ ][ ] 3
[0][0][1][1][2][2][ ][ ][ ] 4
[1][1][1][^][1][1][1][1][ ] 5
[^][1][1][1][1][0][0][1][ ] 6
[1][1][1][1][1][0][0][2][ ] 7
[0][0][1][^][1][0][0][2][ ] 8
[0][0][1][1][1][0][0][1][ ] 9

leon $$ m 6 3

ENGINE >> Flags: 5 Blocks: 13

 1  2  3  4  5  6  7  8  9 
[^][1][0][0][0][0][0][1][ ] 1
[1][1][0][0][1][1][2][2][ ] 2
[0][0][0][0][1][^][ ][ ][ ] 3
[0][0][1][1][2][2][ ][ ][ ] 4
[1][1][1][^][1][1][1][1][ ] 5
[^][1][1][1][1][0][0][1][ ] 6
[1][1][1][1][1][0][0][2][ ] 7
[0][0][1][^][1][0][0][2][ ] 8
[0][0][1][1][1][0][0][1][ ] 9

leon $$ r 7 3

ENGINE >> Flags: 5 Blocks: 12

 1  2  3  4  5  6  7  8  9 
[^][1][0][0][0][0][0][1][ ] 1
[1][1][0][0][1][1][2][2][ ] 2
[0][0][0][0][1][^][3][ ][ ] 3
[0][0][1][1][2][2][ ][ ][ ] 4
[1][1][1][^][1][1][1][1][ ] 5
[^][1][1][1][1][0][0][1][ ] 6
[1][1][1][1][1][0][0][2][ ] 7
[0][0][1][^][1][0][0][2][ ] 8
[0][0][1][1][1][0][0][1][ ] 9

leon $$ m 7 4

ENGINE >> Flags: 4 Blocks: 11

 1  2  3  4  5  6  7  8  9 
[^][1][0][0][0][0][0][1][ ] 1
[1][1][0][0][1][1][2][2][ ] 2
[0][0][0][0][1][^][3][ ][ ] 3
[0][0][1][1][2][2][^][ ][ ] 4
[1][1][1][^][1][1][1][1][ ] 5
[^][1][1][1][1][0][0][1][ ] 6
[1][1][1][1][1][0][0][2][ ] 7
[0][0][1][^][1][0][0][2][ ] 8
[0][0][1][1][1][0][0][1][ ] 9

leon $$ r 8 4

ENGINE >> Flags: 4 Blocks: 10

 1  2  3  4  5  6  7  8  9 
[^][1][0][0][0][0][0][1][ ] 1
[1][1][0][0][1][1][2][2][ ] 2
[0][0][0][0][1][^][3][ ][ ] 3
[0][0][1][1][2][2][^][2][ ] 4
[1][1][1][^][1][1][1][1][ ] 5
[^][1][1][1][1][0][0][1][ ] 6
[1][1][1][1][1][0][0][2][ ] 7
[0][0][1][^][1][0][0][2][ ] 8
[0][0][1][1][1][0][0][1][ ] 9

leon $$ m 8 3

ENGINE >> Flags: 3 Blocks: 9

 1  2  3  4  5  6  7  8  9 
[^][1][0][0][0][0][0][1][ ] 1
[1][1][0][0][1][1][2][2][ ] 2
[0][0][0][0][1][^][3][^][ ] 3
[0][0][1][1][2][2][^][2][ ] 4
[1][1][1][^][1][1][1][1][ ] 5
[^][1][1][1][1][0][0][1][ ] 6
[1][1][1][1][1][0][0][2][ ] 7
[0][0][1][^][1][0][0][2][ ] 8
[0][0][1][1][1][0][0][1][ ] 9

leon $$ r 9 3

ENGINE >> Flags: 3 Blocks: 8

 1  2  3  4  5  6  7  8  9 
[^][1][0][0][0][0][0][1][ ] 1
[1][1][0][0][1][1][2][2][ ] 2
[0][0][0][0][1][^][3][^][2] 3
[0][0][1][1][2][2][^][2][ ] 4
[1][1][1][^][1][1][1][1][ ] 5
[^][1][1][1][1][0][0][1][ ] 6
[1][1][1][1][1][0][0][2][ ] 7
[0][0][1][^][1][0][0][2][ ] 8
[0][0][1][1][1][0][0][1][ ] 9

leon $$ r 9 4

ENGINE >> Flags: 3 Blocks: 7

 1  2  3  4  5  6  7  8  9 
[^][1][0][0][0][0][0][1][ ] 1
[1][1][0][0][1][1][2][2][ ] 2
[0][0][0][0][1][^][3][^][2] 3
[0][0][1][1][2][2][^][2][1] 4
[1][1][1][^][1][1][1][1][ ] 5
[^][1][1][1][1][0][0][1][ ] 6
[1][1][1][1][1][0][0][2][ ] 7
[0][0][1][^][1][0][0][2][ ] 8
[0][0][1][1][1][0][0][1][ ] 9

leon $$ r 9 5

ENGINE >> Flags: 3 Blocks: 5

 1  2  3  4  5  6  7  8  9 
[^][1][0][0][0][0][0][1][ ] 1
[1][1][0][0][1][1][2][2][ ] 2
[0][0][0][0][1][^][3][^][2] 3
[0][0][1][1][2][2][^][2][1] 4
[1][1][1][^][1][1][1][1][0] 5
[^][1][1][1][1][0][0][1][1] 6
[1][1][1][1][1][0][0][2][ ] 7
[0][0][1][^][1][0][0][2][ ] 8
[0][0][1][1][1][0][0][1][ ] 9

leon $$ m 9 2

ENGINE >> Flags: 2 Blocks: 4

 1  2  3  4  5  6  7  8  9 
[^][1][0][0][0][0][0][1][ ] 1
[1][1][0][0][1][1][2][2][^] 2
[0][0][0][0][1][^][3][^][2] 3
[0][0][1][1][2][2][^][2][1] 4
[1][1][1][^][1][1][1][1][0] 5
[^][1][1][1][1][0][0][1][1] 6
[1][1][1][1][1][0][0][2][ ] 7
[0][0][1][^][1][0][0][2][ ] 8
[0][0][1][1][1][0][0][1][ ] 9

leon $$ r 9 1

ENGINE >> Flags: 2 Blocks: 3

 1  2  3  4  5  6  7  8  9 
[^][1][0][0][0][0][0][1][1] 1
[1][1][0][0][1][1][2][2][^] 2
[0][0][0][0][1][^][3][^][2] 3
[0][0][1][1][2][2][^][2][1] 4
[1][1][1][^][1][1][1][1][0] 5
[^][1][1][1][1][0][0][1][1] 6
[1][1][1][1][1][0][0][2][ ] 7
[0][0][1][^][1][0][0][2][ ] 8
[0][0][1][1][1][0][0][1][ ] 9

leon $$ m 9 7

ENGINE >> Flags: 1 Blocks: 2

 1  2  3  4  5  6  7  8  9 
[^][1][0][0][0][0][0][1][1] 1
[1][1][0][0][1][1][2][2][^] 2
[0][0][0][0][1][^][3][^][2] 3
[0][0][1][1][2][2][^][2][1] 4
[1][1][1][^][1][1][1][1][0] 5
[^][1][1][1][1][0][0][1][1] 6
[1][1][1][1][1][0][0][2][^] 7
[0][0][1][^][1][0][0][2][ ] 8
[0][0][1][1][1][0][0][1][ ] 9

leon $$ m 9 8

ENGINE >> Flags: 0 Blocks: 1

 1  2  3  4  5  6  7  8  9 
[^][1][0][0][0][0][0][1][1] 1
[1][1][0][0][1][1][2][2][^] 2
[0][0][0][0][1][^][3][^][2] 3
[0][0][1][1][2][2][^][2][1] 4
[1][1][1][^][1][1][1][1][0] 5
[^][1][1][1][1][0][0][1][1] 6
[1][1][1][1][1][0][0][2][^] 7
[0][0][1][^][1][0][0][2][^] 8
[0][0][1][1][1][0][0][1][ ] 9

leon $$ r 9 9
ENGINE >> You win!
ENGINE $$ (start | setdiff [easy|normal|hard] | quit) 
